0.000000
0.001333
0.003913
0.007658
0.012492
0.018342
0.025140
0.032821
0.041326
0.050596
0.060578
0.071219
0.082473
0.094293
0.106635
0.119459
0.132726
0.146399
0.160442
0.174823
0.189509
0.204471
0.219680
0.235109
0.250731
0.266522
0.282459
0.298518
0.314678
0.330919
0.347219
0.363562
0.379928
0.396299
0.412660
0.428995
0.445286
0.461521
0.477684
0.493762
0.509742
0.525610
0.541355
0.556964
0.572426
0.587731
0.602866
0.617823
0.632590
0.647159
0.661520
0.675664
0.689582
0.703266
0.716707
0.729898
0.742832
0.755500
0.767895
0.780012
0.791843
0.803381
0.814621
0.825556
0.836181
0.846491
0.856479
0.866141
0.875472
0.884467
0.893122
0.901432
0.909393
0.917001
0.924253
0.931145
0.937673
0.943835
0.949627
0.955046
0.960091
0.964758
0.969045
0.972950
0.976471
0.979606
0.982354
0.984714
0.986684
0.988263
0.989450
0.990245
0.990646
0.990655
0.990269
0.989491
0.988318
0.986753
0.984795
0.982445
0.979704
0.976573
0.973053
0.969145
0.964851
0.960172
0.955110
0.949668
0.943846
0.937648
0.931076
0.924133
0.916820
0.909142
0.901101
0.892700
0.883942
0.874832
0.865372
0.855567
0.845419
0.834934
0.824116
0.812968
0.801496
0.789703
0.777595
0.765176
0.752451
0.739425
0.726104
0.712493
0.698597
0.684422
0.669973
0.655257
0.640278
0.625044
0.609559
0.593831
0.577866
0.561669
0.545248
0.528609
0.511759
0.494704
0.477451
0.460008
0.442380
0.424576
0.406602
0.388465
0.370173
0.351733
0.333152
0.314438
0.295598
0.276641
0.257572
0.238401
0.219134
0.199779
0.180345
0.160839
0.141268
0.121641
0.101965
0.082248
0.062499
0.042725
0.022933
0.003132
-0.016669
-0.036465
-0.056245
-0.076003
-0.095731
-0.115421
-0.135064
-0.154653
-0.174180
-0.193638
-0.213018
-0.232313
-0.251515
-0.270617
-0.289610
-0.308487
-0.327241
-0.345864
-0.364349
-0.382688
-0.400874
-0.418899
-0.436757
-0.454441
-0.471942
-0.489255
-0.506372
-0.523286
-0.539991
-0.556481
-0.572747
-0.588785
-0.604587
-0.620147
-0.635459
-0.650517
-0.665315
-0.679846
-0.694106
-0.708088
-0.721787
-0.735197
-0.748313
-0.761130
-0.773642
-0.785845
-0.797734
-0.809303
-0.820549
-0.831466
-0.842051
-0.852300
-0.862207
-0.871769
-0.880983
-0.889844
-0.898349
-0.906495
-0.914279
-0.921697
-0.928746
-0.935423
-0.941727
-0.947653
-0.953201
-0.958368
-0.963151
-0.967549
-0.971559
-0.975182
-0.978414
-0.981255
-0.983703
-0.985758
-0.987418
-0.988684
-0.989554
-0.990029
-0.990107
-0.989789
-0.989076
-0.987967
-0.986462
-0.984563
-0.982270
-0.979585
-0.976507
-0.973039
-0.969182
-0.964937
-0.960306
-0.955291
-0.949894
-0.944117
-0.937962
-0.931433
-0.924530
-0.917258
-0.909619
-0.901616
-0.893252
-0.884531
-0.875457
-0.866032
-0.856261
-0.846147
-0.835695
-0.824908
-0.813792
-0.802350
-0.790587
-0.778508
-0.766118
-0.753421
-0.740423
-0.727128
-0.713543
-0.699672
-0.685522
-0.671097
-0.656404
-0.641448
-0.626236
-0.610773
-0.595066
-0.579121
-0.562945
-0.546543
-0.529922
-0.513090
-0.496052
-0.478816
-0.461388
-0.443776
-0.425987
-0.408027
-0.389903
-0.371624
-0.353196
-0.334627
-0.315924
-0.297095
-0.278147
-0.259087
-0.239924
-0.220665
-0.201318
-0.181890
-0.162389
-0.142824
-0.123201
-0.103529
-0.083816
-0.064069
-0.044296
-0.024506
-0.004706
0.015096
0.034892
0.054673
0.074433
0.094164
0.113856
0.133503
0.153097
0.172629
0.192093
0.211479
0.230781
0.249991
0.269101
0.288103
0.306989
0.325753
0.344387
0.362883
0.381234
0.399432
0.417471
0.435342
0.453040
0.470556
0.487884
0.505017
0.521947
0.538669
0.555176
0.571461
0.587517
0.603338
0.618917
0.634249
0.649328
0.664146
0.678699
0.692981
0.706985
0.720707
0.734140
0.747280
0.760121
0.772657
0.784885
0.796799
0.808394
0.819665
0.830609
0.841221
0.851496
0.861431
0.871020
0.880262
0.889151
0.897685
0.905860
0.913673
0.921119
0.928198
0.934905
0.941239
0.947195
0.952773
0.957970
0.962784
0.967213
0.971254
0.974908
0.978171
0.981043
0.983522
0.985609
0.987301
0.988598
0.989499
0.990005
0.990115
0.989829
0.989147
0.988069
0.986596
0.984729
0.982467
0.979813
0.976767
0.973330
0.969503
0.965289
0.960689
0.955705
0.950338
0.944591
0.938466
0.931966
0.925093
0.917851
0.910241
0.902266
0.893932
0.885239
0.876192
0.866795
0.857051
0.846965
0.836540
0.825780
0.814689
0.803273
0.791536
0.779482
0.767116
0.754443
0.741469
0.728198
0.714635
0.700787
0.686659
0.672256
0.657584
0.642649
0.627457
0.612014
0.596326
0.580400
0.564241
0.547857
0.531254
0.514438
0.497416
0.480196
0.462783
0.445185
0.427410
0.409463
0.391352
0.373085
0.354669
0.336111
0.317418
0.298599
0.279660
0.260609
0.241454
0.222202
0.202861
0.183440
0.163945
0.144384
0.124766
0.105097
0.085387
0.065643
0.045872
0.026083
0.006283
-0.013519
-0.033316
-0.053099
-0.072861
-0.092594
-0.112290
-0.131941
-0.151539
-0.171076
-0.190546
-0.209939
-0.229248
-0.248465
-0.267583
