0.000000
0.000000
0.000000
0.000000
0.000000
0.000000
0.000000
0.000000
0.000000
0.000000
0.000000
0.000000
0.000000
0.000000
0.000000
0.000000
0.000000
0.000000
0.000000
0.000000
0.000000
0.000000
0.000000
0.000000
0.000000
0.000000
0.000000
0.000000
0.000000
0.000000
0.000000
0.000000
0.000000
0.000000
0.000000
0.000000
0.000000
0.000000
0.000000
0.000000
0.000000
0.000000
0.000000
0.000000
0.000000
0.000000
0.000000
0.000000
0.000000
0.000000
0.000000
0.000000
0.000000
0.000000
0.000000
0.000000
0.000000
0.000000
0.000000
0.000000
0.000000
0.000000
0.000000
0.000000
0.000000
0.000000
0.000000
0.000000
0.000000
0.000000
0.000000
0.000000
0.000000
0.000000
0.000000
0.000000
0.000000
0.000000
0.000000
0.000000
0.000000
0.000000
0.000000
0.000000
0.000000
0.000000
0.000000
0.000000
0.000000
0.000000
0.000000
0.000000
0.000000
0.000000
0.000000
0.000000
0.000000
0.000000
0.000000
0.000000
0.000000
0.019999
0.039989
0.059964
0.079915
0.099833
0.119712
0.139543
0.159318
0.179030
0.198669
0.218230
0.237703
0.257081
0.276356
0.295520
0.314567
0.333487
0.352274
0.370920
0.389418
0.407760
0.425939
0.443948
0.461779
0.479426
0.496880
0.514136
0.531186
0.548024
0.564642
0.581035
0.597195
0.613117
0.628793
0.644218
0.659385
0.674288
0.688921
0.703279
0.717356
0.731146
0.744643
0.757843
0.770739
0.783327
0.795602
0.807558
0.819192
0.830497
0.841471
0.852108
0.862404
0.872355
0.881958
0.891207
0.900100
0.908633
0.916803
0.924606
0.932039
0.939099
0.945784
0.952090
0.958016
0.963558
0.968715
0.973485
0.977865
0.981854
0.985450
0.988652
0.991458
0.993868
0.995881
0.997495
0.998710
0.999526
0.999942
0.999958
0.999574
0.998790
0.997606
0.996024
0.994043
0.991665
0.988890
0.985719
0.982154
0.978197
0.973848
0.969109
0.963983
0.958471
0.952576
0.946300
0.939645
0.932615
0.925212
0.917438
0.909297
0.900793
0.891929
0.882707
0.873133
0.863209
0.852940
0.842330
0.831383
0.820104
0.808496
0.796565
0.784316
0.771753
0.758881
0.745705
0.732231
0.718465
0.704411
0.690075
0.675463
0.660581
0.645435
0.630031
0.614374
0.598472
0.582331
0.565956
0.549355
0.532535
0.515501
0.498262
0.480823
0.463191
0.445375
0.427380
0.409214
0.390885
0.372399
0.353764
0.334988
0.316078
0.297041
0.277886
0.258619
0.239249
0.219784
0.200230
0.180596
0.160890
0.141120
0.121293
0.101418
0.081502
0.061554
0.041581
0.021591
0.001593
-0.018406
-0.038398
-0.058374
-0.078327
-0.098249
-0.118131
-0.137966
-0.157746
-0.177462
-0.197108
-0.216675
-0.236155
-0.255541
-0.274825
-0.293998
-0.313054
-0.331985
-0.350783
-0.369441
-0.387951
-0.406306
-0.424498
-0.442520
-0.460366
-0.478027
-0.495497
-0.512769
-0.529836
-0.546691
-0.563327
-0.579738
-0.595917
-0.611858
-0.627554
-0.642999
-0.658186
-0.673111
-0.687766
-0.702146
-0.716246
-0.730058
-0.743579
-0.756802
-0.769723
-0.782336
-0.794636
-0.806618
-0.818277
-0.829609
-0.840609
-0.851273
-0.861597
-0.871576
-0.881206
-0.890484
-0.899405
-0.907967
-0.916166
-0.923998
-0.931461
-0.938551
-0.945266
-0.951602
-0.957558
-0.963131
-0.968319
-0.973119
-0.977530
-0.981550
-0.985178
-0.988411
-0.991249
-0.993691
-0.995735
-0.997381
-0.998628
-0.999476
-0.999923
-0.999971
-0.999619
-0.998867
-0.997715
-0.996165
-0.994216
-0.991869
-0.989125
-0.985986
-0.982453
-0.978526
-0.974208
-0.969501
-0.964405
-0.958924
-0.953060
-0.946814
-0.940189
-0.933189
-0.925815
-0.918070
-0.909959
-0.901484
-0.892648
-0.883455
-0.873908
-0.864012
-0.853771
-0.843188
-0.832267
-0.821014
-0.809433
-0.797527
-0.785303
-0.772764
-0.759917
-0.746765
-0.733315
-0.719572
-0.705540
-0.691227
-0.676637
-0.661776
-0.646651
-0.631267
-0.615630
-0.599747
-0.583625
-0.567269
-0.550686
-0.533882
-0.516865
-0.499642
-0.482218
-0.464602
-0.446800
-0.428819
-0.410667
-0.392350
-0.373877
-0.355254
-0.336488
-0.317589
-0.298562
-0.279415
-0.260157
-0.240795
-0.221337
-0.201790
-0.182163
-0.162462
-0.142697
-0.122874
-0.103002
-0.083089
-0.063143
-0.043172
-0.023183
-0.003185
0.016814
0.036806
0.056784
0.076739
0.096664
0.116549
0.136388
0.156173
0.175895
0.195547
0.215120
0.234607
0.254001
0.273293
0.292476
0.311541
0.330482
0.349291
0.367961
0.386483
0.404850
0.423055
0.441092
0.458951
0.476628
0.494113
0.511401
0.528485
0.545357
0.562011
0.578440
0.594637
0.610597
0.626313
0.641778
0.656987
0.671932
0.686609
0.701011
0.715133
0.728969
0.742513
0.755761
0.768705
0.781343
0.793668
0.805675
0.817361
0.828719
0.839746
0.850437
0.860787
0.870794
0.880452
0.889758
0.898708
0.907299
0.915526
0.923388
0.930880
0.938000
0.944745
0.951111
0.957098
0.962701
0.967920
0.972751
0.977193
0.981244
0.984903
0.988168
0.991038
0.993511
0.995587
0.997265
0.998543
0.999423
0.999902
0.999982
0.999662
0.998941
0.997822
0.996303
0.994385
0.992070
