0.000000
0.000000
0.000001
0.000004
0.000010
0.000020
0.000035
0.000056
0.000084
0.000120
0.000165
0.000219
0.000285
0.000362
0.000453
0.000557
0.000676
0.000810
0.000961
0.001130
0.001317
0.001523
0.001750
0.001997
0.002267
0.002560
0.002876
0.003217
0.003583
0.003975
0.004395
0.004842
0.005318
0.005823
0.006358
0.006924
0.007522
0.008151
0.008814
0.009510
0.010241
0.011006
0.011806
0.012643
0.013517
0.014427
0.015375
0.016362
0.017387
0.018452
0.019556
0.020700
0.021885
0.023111
0.024378
0.025686
0.027037
0.028430
0.029866
0.031344
0.032866
0.034431
0.036039
0.037691
0.039387
0.041127
0.042911
0.044739
0.046611
0.048527
0.050488
0.052493
0.054542
0.056635
0.058773
0.060954
0.063179
0.065447
0.067759
0.070115
0.072513
0.074954
0.077437
0.079963
0.082530
0.085139
0.087789
0.090479
0.093210
0.095981
0.098790
0.101639
0.104526
0.107451
0.110413
0.113411
0.116446
0.119515
0.122620
0.125758
0.128930
0.132134
0.135370
0.138638
0.141935
0.145262
0.148618
0.152001
0.155411
0.158848
0.162309
0.165795
0.169303
0.172835
0.176387
0.179960
0.183552
0.187162
0.190790
0.194433
0.198092
0.201765
0.205450
0.209147
0.212855
0.216572
0.220298
0.224031
0.227769
0.231512
0.235259
0.239008
0.242758
0.246508
0.250256
0.254001
0.257743
0.261479
0.265208
0.268930
0.272642
0.276344
0.280034
0.283711
0.287374
0.291020
0.294650
0.298261
0.301852
0.305422
0.308969
0.312493
0.315992
0.319464
0.322908
0.326323
0.329707
0.333059
0.336379
0.339663
0.342912
0.346124
0.349297
0.352430
0.355522
0.358572
0.361578
0.364538
0.367453
0.370320
0.373138
0.375906
0.378623
0.381287
0.383897
0.386452
0.388952
0.391393
0.393777
0.396100
0.398363
0.400564
0.402701
0.404775
0.406783
0.408725
0.410600
0.412406
0.414143
0.415809
0.417404
0.418927
0.420376
0.421752
0.423052
0.424276
0.425423
0.426493
0.427484
0.428396
0.429228
0.429980
0.430649
0.431237
0.431742
0.432163
0.432500
0.432752
0.432919
0.433001
0.432996
0.432903
0.432724
0.432457
0.432101
0.431657
0.431124
0.430502
0.429790
0.428988
0.428096
0.427114
0.426041
0.424877
0.423623
0.422277
0.420840
0.419312
0.417693
0.415983
0.414181
0.412289
0.410305
0.408231
0.406066
0.403810
0.401464
0.399027
0.396501
0.393885
0.391180
0.388386
0.385504
0.382533
0.379475
0.376329
0.373097
0.369778
0.366374
0.362884
0.359310
0.355653
0.351912
0.348088
0.344183
0.340196
0.336129
0.331983
0.327758
0.323455
0.319076
0.314620
0.310089
0.305483
0.300805
0.296054
0.291232
0.286340
0.281379
0.276350
0.271254
0.266092
0.260865
0.255575
0.250223
0.244810
0.239337
0.233806
0.228217
0.222573
0.216874
0.211121
0.205317
0.199462
0.193558
0.187607
0.181609
0.175566
0.169480
0.163352
0.157183
0.150976
0.144731
0.138450
0.132135
0.125787
0.119408
0.112999
0.106562
0.100098
0.093609
0.087097
0.080564
0.074010
0.067438
0.060849
0.054244
0.047627
0.040997
0.034357
0.027708
0.021053
0.014392
0.007728
0.001062
-0.005605
-0.012269
-0.018928
-0.025580
-0.032222
-0.038850
-0.045463
-0.052058
-0.058633
-0.065183
-0.071708
-0.078204
-0.084668
-0.091099
-0.097493
-0.103849
-0.110162
-0.116432
-0.122655
-0.128829
-0.134952
-0.141021
-0.147033
-0.152986
-0.158878
-0.164707
-0.170470
-0.176164
-0.181788
-0.187340
-0.192816
-0.198215
-0.203536
-0.208774
-0.213929
-0.218999
-0.223981
-0.228873
-0.233674
-0.238381
-0.242993
-0.247508
-0.251924
-0.256239
-0.260452
-0.264560
-0.268562
-0.272458
-0.276244
-0.279919
-0.283483
-0.286933
-0.290269
-0.293488
-0.296590
-0.299574
-0.302437
-0.305180
-0.307801
-0.310298
-0.312671
-0.314920
-0.317042
-0.319037
-0.320905
-0.322645
-0.324255
-0.325736
-0.327086
-0.328306
-0.329394
-0.330351
-0.331175
-0.331867
-0.332427
-0.332853
-0.333146
-0.333306
-0.333332
-0.333225
-0.332985
-0.332612
-0.332106
-0.331467
-0.330695
-0.329791
-0.328755
-0.327588
-0.326289
-0.324860
-0.323301
-0.321613
-0.319796
-0.317852
-0.315780
-0.313582
-0.311258
-0.308810
-0.306238
-0.303544
-0.300728
-0.297793
-0.294738
-0.291565
-0.288275
-0.284871
-0.281352
-0.277721
-0.273978
-0.270126
-0.266166
-0.262100
-0.257929
-0.253654
-0.249278
-0.244803
-0.240229
-0.235560
-0.230796
-0.225940
-0.220993
-0.215958
-0.210837
-0.205631
-0.200343
-0.194975
-0.189529
-0.184007
-0.178412
-0.172745
-0.167009
-0.161207
-0.155340
-0.149410
-0.143421
-0.137375
-0.131274
-0.125120
-0.118916
-0.112664
-0.106368
-0.100029
-0.093650
-0.087233
-0.080781
-0.074298
-0.067784
-0.061244
-0.054679
-0.048092
-0.041485
-0.034863
-0.028226
-0.021578
-0.014921
-0.008259
-0.001593
0.005074
0.011738
0.018398
0.025051
0.031693
0.038323
0.044937
0.051534
0.058110
0.064662
0.071189
0.077687
0.084155
0.090588
0.096986
0.103344
0.109661
0.115935
0.122162
0.128340
0.134466
0.140539
0.146556
0.152514
0.158411
0.164245
0.170013
0.175713
