0.024032
0.021427
0.013365
0.011789
0.015380
0.017714
0.015610
0.014266
0.013611
0.011971
0.008880
0.009743
0.010168
0.010329
0.010878
0.012738
0.009959
0.007366
0.005355
0.004330
0.004319
0.005386
0.003937
0.002630
0.003253
0.003857
0.003249
0.002371
0.002187
0.001806
0.001333
0.001514
0.000806
0.001317
0.000702
0.001133
0.000574
0.000965
0.001151
0.000255
-0.000369
-0.000952
-0.000697
-0.000735
-0.000511
-0.000356
-0.000265
0.000009
-0.000104
0.000262
-0.000256
-0.000111
0.000030
-0.000714
-0.000583
-0.000526
0.000332
0.000691
0.000688
0.001045
0.001814
0.001826
0.002206
0.002365
0.001990
0.002021
0.001871
0.001087
0.001671
0.001257
0.001143
0.000657
0.000788
0.001181
0.000497
0.000231
0.000889
-0.000131
-0.001232
-0.001047
-0.000923
-0.000766
-0.000869
-0.000451
-0.001100
-0.001496
-0.001361
-0.001078
-0.001226
-0.001679
-0.001307
-0.002121
-0.001876
-0.002513
-0.002478
-0.002461
-0.002470
-0.002779
-0.003005
-0.002655
-0.002021
-0.001413
-0.001459
-0.001247
-0.001163
-0.001160
-0.001249
-0.001102
-0.001151
-0.001121
-0.000927
-0.000665
-0.001169
-0.000845
-0.000479
-0.000260
-0.000322
-0.000237
-0.000539
-0.000184
-0.000459
-0.000530
-0.000693
-0.001142
-0.001032
-0.000878
-0.000773
-0.000763
-0.000992
-0.001232
-0.001440
-0.001374
-0.001657
-0.001563
-0.001898
-0.001852
-0.001955
-0.001766
-0.001910
-0.001925
-0.001638
-0.001478
-0.001802
-0.001491
-0.001604
-0.001787
-0.001944
-0.001842
-0.002046
-0.001954
-0.002034
-0.001556
-0.002112
-0.001894
-0.002015
-0.001283
-0.001121
-0.001190
-0.000785
-0.000721
-0.000677
-0.000694
-0.001047
-0.001051
-0.001042
-0.001015
-0.001183
-0.001237
-0.001120
-0.001196
-0.001388
-0.001380
-0.001244
-0.000990
-0.000872
-0.000961
-0.000912
-0.000828
-0.000523
-0.000549
-0.000573
-0.000379
-0.000230
-0.000483
-0.000444
-0.000320
-0.000263
-0.000682
-0.000440
-0.000445
-0.000420
-0.000192
-0.000074
-0.000282
-0.000495
-0.000622
-0.000667
-0.000748
-0.000593
-0.000458
-0.000681
-0.000374
-0.000369
-0.000345
-0.000739
-0.000587
-0.000342
-0.000391
-0.000350
-0.000351
-0.000055
-0.000076
-0.000342
-0.000357
-0.000506
-0.000487
-0.000265
-0.000239
-0.000084
-0.000102
0.000013
0.000027
-0.000229
-0.000231
-0.000371
-0.000201
-0.000101
-0.000019
0.000006
0.000074
0.000247
0.000060
0.000128
0.000062
0.000012
0.000042
0.000157
0.000328
0.000527
0.000485
0.000608
0.000439
0.000440
0.000592
0.000354
0.000249
0.000119
0.000096
0.000306
0.000306
0.000332
0.000391
0.000182
0.000224
0.000160
0.000319
0.000413
0.000499
0.000463
0.000678
0.000723
0.000800
0.000879
0.000893
0.000705
0.000818
0.001002
0.000793
0.000797
0.000723
0.000564
0.000460
0.000511
0.000573
0.000576
0.000656
0.000797
0.000823
0.000771
0.001038
0.000981
0.001014
0.001057
0.001103
0.001035
0.001058
0.001176
0.001201
0.001161
0.001221
0.001417
0.001304
0.001309
0.001383
0.001311
0.001361
0.001441
0.001414
0.001372
0.001354
0.001197
0.001259
0.001229
0.001232
0.001197
0.001204
0.001125
0.001331
0.001409
0.001688
0.001546
0.001477
0.001558
0.001544
0.001353
0.001369
0.001358
0.001381
0.001272
0.001237
0.001295
0.001277
0.001357
0.001447
0.001443
0.001450
0.001489
0.001447
0.001395
0.001252
0.001201
0.001331
0.001234
0.001345
0.001319
0.001374
0.001510
0.001504
0.001596
0.001647
0.001700
0.001827
0.001781
0.001807
0.001920
0.001809
0.001838
0.001790
0.001894
0.001838
0.001879
0.001889
0.001930
0.001952
0.002200
0.002194
0.002246
0.002205
0.002340
0.002203
0.002335
0.002477
0.002511
0.002566
0.002571
0.002470
0.002440
0.002563
0.002694
0.002712
0.002778
0.002862
0.002987
0.003069
0.003140
0.003153
0.003208
0.003251
0.003174
0.003136
0.003214
0.003315
0.003442
0.003420
0.003389
0.003406
0.003466
0.003471
0.003538
0.003688
0.003660
0.003600
0.003560
0.003536
0.003487
0.003343
0.003378
0.003225
0.003121
0.003055
0.002981
0.003069
0.002964
0.002992
0.003076
0.003191
0.003192
0.003227
0.003356
0.003345
0.003416
0.003408
0.003438
0.003500
0.003555
0.003496
0.003377
0.003265
0.003301
0.003213
0.003218
0.003162
0.003162
0.003105
0.003088
0.003001
0.002985
0.002861
0.002980
0.002896
0.002924
0.002939
0.002922
0.002949
0.002988
0.003100
0.003022
0.002932
0.002957
0.002965
0.002911
0.002806
0.002719
0.002476
0.002537
0.002503
0.002467
0.002521
0.002524
0.002423
0.002450
0.002490
0.002548
0.002554
0.002591
0.002580
0.002516
0.002499
0.002498
0.002542
0.002488
0.002496
0.002554
0.002561
0.002503
0.002480
0.002515
0.002542
0.002420
0.002383
0.002505
0.002530
0.002513
0.002493
0.002484
0.002527
0.002502
0.002538
0.002652
0.002486
0.002422
0.002508
0.002482
0.002546
0.002556
0.002474
0.002489
0.002392
0.002391
0.002278
0.002197
0.002184
0.002186
0.002249
0.002115
0.002012
0.001964
0.001938
0.001942
0.002029
0.002072
0.002171
0.002161
0.002177
0.002213
0.002270
0.002153
0.002165
0.002108
0.002138
0.002132
0.002044
0.002050
0.002037
0.002081
0.002103
0.002046
0.002032
0.002057
0.002012
0.001964
0.001914
0.001887
0.001903
0.001921
0.001867
0.001976
0.002011
0.001939
0.001951
0.001928
0.001981
0.002129
0.002189
0.002086
0.002050
0.002179
0.002238
0.002311
0.002323
0.002372
0.002425
0.002424
0.002340
0.002254
0.002254
0.002367
0.002444
0.002389
0.002301
0.002340
0.002333
0.002276
0.002273
0.002277
0.002188
0.002179
0.002185
0.002142
0.002151
0.002153
0.002097
0.002085
0.002126
0.002275
0.002293
0.002112
0.002056
0.002000
0.002100
0.002114
0.002146
0.002155
0.002178
0.002132
0.002072
0.002160
0.002158
0.002089
0.002081
0.002051
0.002012
0.002028
0.002095
0.002099
0.002107
0.002113
0.002217
0.002249
0.002236
0.002232
0.002147
0.002091
0.002050
0.002078
0.002101
0.002207
0.002243
0.002318
0.002289
0.002435
0.002337
0.002289
0.002336
0.002354
0.002199
0.002272
0.002276
0.002288
0.002395
0.002377
0.002426
0.002448
0.002537
0.002491
0.002502
0.002499
0.002542
0.002488
0.002538
0.002547
0.002548
0.002580
0.002526
0.002532
0.002518
0.002503
0.002457
0.002551
0.002465
0.002432
0.002410
0.002403
0.002360
0.002438
0.002323
0.002372
0.002371
0.002380
0.002413
0.002347
0.002297
0.002376
0.002376
0.002397
0.002329
0.002341
0.002399
0.002366
0.002367
0.002370
0.002401
0.002398
0.002340
0.002343
0.002304
0.002282
0.002259
0.002230
0.002212
0.002217
0.002244
0.002245
0.002239
0.002203
0.002222
0.002213
0.002196
0.002225
0.002230
0.002244
0.002296
0.002268
0.002290
0.002295
0.002234
0.002196
0.002139
0.002138
0.002059
0.002032
0.002033
0.002034
0.001971
0.001923
0.001924
0.001941
0.001920
0.001915
0.001941
0.001924
0.001967
0.001992
0.001985
0.002023
0.002022
0.002083
0.002096
0.002131
0.002185
0.002182
0.002179
0.002141
0.002104
0.002150
0.002167
0.002252
0.002296
0.002281
0.002279
0.002271
0.002350
0.002350
0.002380
0.002410
0.002332
0.002345
0.002337
0.002368
0.002361
0.002355
0.002301
0.002302
0.002217
0.002169
0.002125
0.002105
0.002093
0.002084
0.002108
0.002091
0.002072
0.002036
0.002121
0.002091
0.002139
0.002187
0.002172
0.002194
0.002145
0.002193
0.002243
0.002197
0.002221
0.002179
0.002139
0.002048
0.001997
0.002064
0.002101
0.002166
0.002195
0.002164
0.002130
0.002147
0.002226
0.002223
0.002213
0.002179
0.002129
0.002084
0.002063
0.002139
0.002138
0.002117
0.002133
0.002115
0.002155
0.002140
0.002070
0.002040
0.001991
0.001958
0.001977
0.001999
0.002020
0.002104
0.002161
0.002186
0.002202
0.002184
0.002180
0.002190
0.002212
0.002157
0.002136
0.002077
0.002139
0.002126
0.002103
0.002133
0.002172
0.002193
0.002112
0.002034
0.002065
0.002018
0.002097
0.002080
0.002073
0.002117
0.002054
0.002071
0.002057
0.002065
0.002117
0.002140
0.002189
0.002174
0.002199
0.002186
0.002196
0.002193
0.002218
0.002207
0.002193
0.002194
0.002192
0.002096
0.002124
0.002090
0.002049
0.002072
0.002047
0.002055
0.002092
0.002099
0.002072
0.002054
0.002050
0.001985
0.001954
0.001956
0.001973
0.001924
0.001905
0.001895
0.001834
0.001826
0.001806
0.001794
0.001781
0.001820
0.001776
0.001755
0.001724
0.001785
0.001715
0.001779
0.001715
0.001656
0.001680
0.001617
0.001659
0.001633
0.001678
0.001606
0.001579
0.001602
0.001603
0.001606
0.001628
0.001638
0.001628
0.001583
0.001523
0.001505
0.001546
0.001595
0.001623
0.001590
0.001608
0.001534
0.001537
0.001471
0.001469
0.001475
0.001431
0.001467
0.001488
0.001482
0.001530
0.001522
0.001513
0.001462
0.001475
0.001439
0.001438
0.001512
0.001516
0.001553
0.001549
0.001535
0.001526
0.001498
0.001475
0.001471
0.001420
0.001361
0.001354
0.001297
0.001336
0.001382
0.001345
0.001334
0.001317
0.001329
0.001298
0.001275
0.001289
0.001280
0.001226
0.001219
0.001220
0.001199
0.001167
0.001154
0.001123
0.001122
0.001077
0.001077
0.001063
0.001095
0.001094
0.001081
0.001069
0.001105
0.001102
0.001097
0.001114
0.001076
0.001138
0.001111
0.001114
0.001132
0.001111
0.001119
0.001106
0.001124
0.001160
0.001133
0.001140
0.001171
0.001197
0.001147
0.001174
0.001140
0.001132
0.001145
0.001112
0.001137
0.001077
0.001143
0.001160
0.001244
0.001220
0.001185
0.001227
0.001187
0.001198
0.001226
0.001239
0.001218
0.001155
0.001146
0.001188
0.001167
0.001211
0.001231
0.001243
0.001176
0.001172
0.001177
0.001156
0.001137
0.001151
0.001219
0.001260
0.001221
0.001244
0.001214
0.001259
0.001168
0.001193
0.001168
0.001153
0.001092
0.001069
0.001070
0.001091
0.001090
0.001045
0.001069
0.001067
0.001066
0.001066
0.001066
0.001066
0.001066
0.001066
