0.027934
0.023360
0.027305
0.023764
0.022377
0.020604
0.019148
0.017680
0.016292
0.015462
0.015812
0.014885
0.013996
0.013187
0.012516
0.012483
0.013199
0.013678
0.013709
0.013289
0.012740
0.012431
0.012321
0.012167
0.011805
0.011468
0.011158
0.010948
0.010615
0.010325
0.010070
0.009791
0.009628
0.009427
0.009264
0.009070
0.008916
0.008736
0.008538
0.008534
0.008435
0.008332
0.008168
0.007995
0.007842
0.007690
0.007539
0.007412
0.007274
0.007175
0.007119
0.006996
0.006878
0.006920
0.006806
0.006692
0.006801
0.006728
0.006620
0.006555
0.006633
0.006531
0.006477
0.006389
0.006340
0.006249
0.006167
0.006278
0.006300
0.006268
0.006188
0.006182
0.006107
0.006078
0.006153
0.006098
0.006163
0.006417
0.006706
0.006636
0.006562
0.006492
0.006420
0.006401
0.006458
0.006434
0.006369
0.006324
0.006262
0.006260
0.006238
0.006380
0.006333
0.006394
0.006329
0.006265
0.006203
0.006172
0.006128
0.006109
0.006179
0.006238
0.006180
0.006137
0.006083
0.006027
0.005975
0.005928
0.005876
0.005825
0.005787
0.005760
0.005797
0.005783
0.005780
0.005748
0.005701
0.005657
0.005642
0.005640
0.005621
0.005578
0.005543
0.005571
0.005532
0.005498
0.005460
0.005418
0.005396
0.005377
0.005352
0.005314
0.005305
0.005269
0.005273
0.005236
0.005203
0.005179
0.005151
0.005115
0.005111
0.005086
0.005091
0.005094
0.005064
0.005043
0.005019
0.004990
0.004974
0.004945
0.004915
0.004974
0.005063
0.005049
0.005023
0.005196
0.005174
0.005143
0.005174
0.005144
0.005113
0.005082
0.005100
0.005069
0.005039
0.005009
0.004991
0.004963
0.004940
0.004913
0.004900
0.004872
0.004852
0.004850
0.004829
0.004805
0.004779
0.004756
0.004768
0.004742
0.004717
0.004707
0.004691
0.004692
0.004668
0.004650
0.004627
0.004676
0.004676
0.004652
0.004628
0.004627
0.004609
0.004604
0.004600
0.004584
0.004562
0.004542
0.004530
0.004515
0.004514
0.004533
0.004511
0.004489
0.004535
0.004523
0.004527
0.004507
0.004486
0.004465
0.004483
0.004462
0.004472
0.004452
0.004441
0.004421
0.004422
0.004403
0.004394
0.004374
0.004360
0.004341
0.004351
0.004332
0.004322
0.004316
0.004302
0.004286
0.004268
0.004252
0.004248
0.004246
0.004230
0.004214
0.004197
0.004180
0.004169
0.004165
0.004167
0.004150
0.004140
0.004137
0.004120
0.004114
0.004124
0.004113
0.004105
0.004089
0.004093
0.004077
0.004061
0.004047
0.004052
0.004037
0.004024
0.004020
0.004009
0.003998
0.003983
0.003990
0.003976
0.003964
0.003952
0.003938
0.003940
0.003932
0.003934
0.003941
0.003927
0.003915
0.003913
0.003904
0.003892
0.003879
0.003865
0.003855
0.003851
0.003838
0.003826
0.003848
0.003836
0.003823
0.003811
0.003799
0.003788
0.003775
0.003769
0.003757
0.003745
0.003734
0.003741
0.003735
0.003722
0.003713
0.003703
0.003692
0.003683
0.003671
0.003660
0.003648
0.003649
0.003639
0.003628
0.003616
0.003605
0.003593
0.003585
0.003597
0.003588
0.003619
0.003618
0.003609
0.003601
0.003590
0.003598
0.003587
0.003576
0.003565
0.003561
0.003550
0.003541
0.003530
0.003523
0.003517
0.003506
0.003495
0.003486
0.003476
0.003467
0.003468
0.003459
0.003458
0.003454
0.003450
0.003440
0.003432
0.003432
0.003422
0.003417
0.003409
0.003400
0.003400
0.003391
0.003382
0.003379
0.003377
0.003368
0.003359
0.003356
0.003348
0.003340
0.003330
0.003322
0.003313
0.003340
0.003330
0.003323
0.003315
0.003316
0.003318
0.003319
0.003321
0.003313
0.003306
0.003297
0.003294
0.003286
0.003286
0.003287
0.003278
0.003272
0.003268
0.003268
0.003263
0.003258
0.003249
0.003243
0.003235
0.003230
0.003223
0.003218
0.003216
0.003217
0.003209
0.003201
0.003193
0.003187
0.003179
0.003174
0.003179
0.003172
0.003166
0.003159
0.003151
0.003145
0.003150
0.003142
0.003149
0.003148
0.003143
0.003138
0.003135
0.003134
0.003127
0.003124
0.003124
0.003117
0.003110
0.003113
0.003105
0.003101
0.003093
0.003086
0.003082
0.003076
0.003071
0.003072
0.003073
0.003066
0.003064
0.003057
0.003052
0.003045
0.003040
0.003033
0.003030
0.003023
0.003026
0.003028
0.003026
0.003019
0.003013
0.003006
0.003000
0.002994
0.002995
0.002992
0.002991
0.002984
0.002978
0.002973
0.002973
0.002972
0.003003
0.002999
0.002993
0.002987
0.002982
0.002976
0.002976
0.002970
0.002964
0.002960
0.002954
0.002948
0.002942
0.002938
0.002932
0.002925
0.002920
0.002916
0.002910
0.002906
0.002900
0.002896
0.002890
0.002884
0.002879
0.002883
0.002878
0.002881
0.002876
0.002870
0.002864
0.002858
0.002854
0.002848
0.002843
0.002846
0.002859
0.002855
0.002855
0.002849
0.002846
0.002840
0.002839
0.002833
0.002834
0.002828
0.002831
0.002830
0.002824
0.002819
0.002816
0.002823
0.002824
0.002820
0.002815
0.002809
0.002809
0.002805
0.002806
0.002800
0.002795
0.002790
0.002787
0.002791
0.002786
0.002782
0.002778
0.002772
0.002772
0.002767
0.002762
0.002758
0.002753
0.002750
0.002744
0.002740
0.002736
0.002732
0.002729
0.002724
0.002719
0.002714
0.002711
0.002714
0.002710
0.002709
0.002704
0.002699
0.002696
0.002707
0.002704
0.002707
0.002703
0.002710
0.002707
0.002706
0.002701
0.002698
0.002695
0.002690
0.002690
0.002690
0.002686
0.002690
0.002689
0.002687
0.002687
0.002684
0.002679
0.002676
0.002671
0.002667
0.002668
0.002663
0.002658
0.002655
0.002650
0.002645
0.002643
0.002638
0.002635
0.002647
0.002642
0.002662
0.002659
0.002657
0.002659
0.002655
0.002651
0.002647
0.002642
0.002639
0.002637
0.002639
0.002634
0.002633
0.002629
0.002625
0.002621
0.002617
0.002616
0.002612
0.002607
0.002603
0.002606
0.002603
0.002598
0.002594
0.002595
0.002593
0.002590
0.002586
0.002582
0.002586
0.002583
0.002583
0.002579
0.002591
0.002594
0.002591
0.002588
0.002584
0.002598
0.002598
0.002594
0.002589
0.002594
0.002590
0.002587
0.002584
0.002585
0.002583
0.002579
0.002575
0.002572
0.002570
0.002568
0.002564
0.002560
0.002556
0.002554
0.002550
0.002546
0.002543
0.002540
0.002543
0.002544
0.002541
0.002538
0.002534
0.002531
0.002532
0.002538
0.002536
0.002532
0.002528
0.002525
0.002524
0.002522
0.002523
0.002519
0.002515
0.002515
0.002511
0.002510
0.002507
0.002503
0.002499
0.002496
0.002493
0.002491
0.002488
0.002485
0.002482
0.002478
0.002475
0.002472
0.002468
0.002465
0.002461
0.002457
0.002455
0.002451
0.002448
0.002444
0.002441
0.002438
0.002434
0.002433
0.002430
0.002427
0.002423
0.002423
0.002420
0.002419
0.002416
0.002417
0.002414
0.002411
0.002407
0.002407
0.002405
0.002402
0.002398
0.002395
0.002392
0.002389
0.002386
0.002384
0.002381
0.002377
0.002375
0.002372
0.002371
0.002368
0.002366
0.002365
0.002362
0.002358
0.002356
0.002354
0.002352
0.002349
0.002352
0.002350
0.002347
0.002344
0.002340
0.002342
0.002339
0.002336
0.002334
0.002336
0.002332
0.002329
0.002327
0.002324
0.002321
0.002320
0.002316
0.002319
0.002318
0.002316
0.002314
0.002311
0.002307
0.002305
0.002302
0.002299
0.002297
0.002300
0.002298
0.002297
0.002295
0.002292
0.002290
0.002289
0.002288
0.002287
0.002285
0.002283
0.002281
0.002280
0.002283
0.002283
0.002283
0.002281
0.002282
0.002280
0.002277
0.002275
0.002273
0.002275
0.002272
0.002269
0.002267
0.002266
0.002265
0.002262
0.002264
0.002261
0.002259
0.002256
0.002254
0.002252
0.002249
0.002251
0.002248
0.002248
0.002246
0.002243
0.002241
0.002238
0.002241
0.002241
0.002239
0.002236
0.002234
0.002231
0.002228
0.002226
0.002225
0.002223
0.002223
0.002224
0.002221
0.002219
0.002217
0.002215
0.002213
0.002216
0.002218
0.002216
0.002216
0.002218
0.002216
0.002213
0.002212
0.002213
0.002210
0.002208
0.002205
0.002205
0.002202
0.002202
0.002199
0.002197
0.002195
0.002192
0.002189
0.002187
0.002185
0.002182
0.002179
0.002177
0.002182
0.002180
0.002179
0.002178
0.002175
0.002173
0.002171
0.002169
0.002167
0.002165
0.002162
0.002160
0.002161
0.002159
0.002157
0.002154
0.002154
0.002152
0.002149
0.002150
0.002148
0.002145
0.002143
0.002141
0.002139
0.002139
0.002137
0.002135
0.002136
0.002138
0.002139
0.002140
0.002140
0.002138
0.002140
0.002139
0.002137
0.002136
0.002138
0.002136
0.002134
0.002132
0.002130
0.002127
0.002125
0.002123
0.002122
0.002123
0.002121
0.002120
0.002120
0.002118
0.002117
0.002114
0.002117
0.002115
0.002116
0.002114
0.002111
0.002111
0.002110
0.002108
0.002105
0.002105
0.002103
0.002100
0.002100
0.002098
0.002097
0.002095
0.002097
0.002095
0.002094
0.002092
0.002089
0.002087
0.002086
0.002084
0.002081
0.002082
0.002082
0.002080
0.002081
0.002080
0.002080
0.002079
0.002076
0.002074
0.002072
0.002071
0.002069
0.002067
0.002065
0.002065
0.002063
0.002061
0.002059
0.002058
0.002056
0.002054
0.002052
0.002052
0.002050
0.002047
0.002046
0.002044
0.002042
0.002040
0.002039
0.002037
0.002035
0.002033
0.002032
0.002033
0.002032
0.002030
0.002028
0.002026
0.002024
0.002022
0.002020
0.002019
0.002018
0.002016
0.002015
0.002013
0.002013
0.002012
0.002011
0.002009
0.002007
0.002006
0.002004
0.002006
0.002008
0.002006
0.002011
0.002009
0.002008
0.002008
0.002007
0.002005
0.002004
0.002002
0.002000
0.002002
0.002000
0.002000
0.001998
0.001998
0.001996
0.001994
0.001997
0.001995
0.001993
0.001991
0.001989
0.001987
0.001990
0.001990
0.001989
0.001987
0.001986
0.001986
0.001992
0.001991
0.001990
0.001988
0.001990
0.001988
0.001986
0.001984
0.001982
0.001982
0.001981
0.001979
0.001977
0.001977
0.001977
0.001977
0.001977
0.001977
