0.054085
0.006329
0.015293
0.059146
0.016224
-0.006884
0.005796
-0.043067
-0.000819
0.047698
0.041051
-0.007538
-0.001854
0.005086
-0.010985
-0.037484
0.023544
0.017405
0.013215
0.021309
0.049937
-0.048397
-0.049666
-0.040917
-0.020257
0.004035
0.033138
-0.035196
-0.033965
0.021329
0.021977
-0.015588
-0.025750
-0.003865
-0.011140
-0.015252
0.008054
-0.025388
0.020722
-0.023281
0.018353
-0.022329
0.017388
0.009166
-0.039184
-0.028454
-0.027768
0.011301
-0.002556
0.010433
0.007427
0.004338
0.014264
-0.006090
0.020051
-0.028783
0.008049
0.008043
-0.043840
0.007129
0.002898
0.052657
0.022959
0.000474
0.023921
0.051814
0.002611
0.027655
0.013205
-0.023894
0.004179
-0.008793
-0.055358
0.044325
-0.029425
-0.007379
-0.036284
0.010899
0.031812
-0.053532
-0.021060
0.054176
-0.083792
-0.092564
0.014519
0.009621
0.012686
-0.009823
0.036336
-0.058891
-0.037130
0.010947
0.024989
-0.015012
-0.044282
0.034017
-0.080262
0.021939
-0.064945
0.001000
-0.000788
-0.003388
-0.034264
-0.026350
0.033771
0.064536
0.063077
-0.006434
0.021686
0.008028
-0.000904
-0.011065
0.015364
-0.006741
0.002342
0.021397
0.029689
-0.060144
0.037433
0.043089
0.025971
-0.007854
0.010160
-0.037641
0.043780
-0.034768
-0.009497
-0.021440
-0.058643
0.013203
0.019135
0.013039
0.000529
-0.031474
-0.033399
-0.029507
0.007537
-0.040299
0.011375
-0.048426
0.004455
-0.016371
0.025044
-0.022463
-0.004095
0.040004
0.021745
-0.049294
0.044492
-0.018452
-0.029245
-0.025697
0.013744
-0.033348
0.012283
-0.014446
0.073064
-0.089403
0.032454
-0.021145
0.115836
0.024853
-0.012326
0.065166
0.009812
0.006562
-0.003471
-0.059988
-0.001801
0.000615
0.003580
-0.029904
-0.010531
0.018996
-0.014419
-0.034969
0.000005
0.022863
0.044222
0.020232
-0.016920
0.008004
0.014451
0.055272
-0.005384
-0.004927
0.035676
0.027525
-0.048021
0.007001
0.023167
0.010668
-0.081238
0.046299
-0.001354
0.004425
0.044622
0.023050
-0.041508
-0.042748
-0.026025
-0.009857
-0.016935
0.030756
0.027043
-0.046236
0.062840
0.000683
0.004458
-0.082891
0.031142
0.051539
-0.010820
0.008422
-0.000633
0.063635
-0.004770
-0.057994
-0.003578
-0.033086
0.003610
0.048776
0.005669
0.034334
-0.004123
0.025854
0.003330
-0.058404
-0.000776
-0.032445
0.038964
0.023008
0.018915
0.006031
0.015782
0.041086
-0.044096
0.016127
-0.015670
-0.011771
0.007236
0.027915
0.041671
0.048685
-0.009549
0.030550
-0.041133
0.000871
0.038224
-0.058970
-0.025985
-0.032547
-0.005714
0.053413
0.000404
0.007063
0.015293
-0.053488
0.011182
-0.016539
0.041739
0.025013
0.023015
-0.009190
0.057537
0.012726
0.021301
0.021758
0.004838
-0.049931
0.031335
0.050736
-0.055878
0.001755
-0.019440
-0.043089
-0.028322
0.014670
0.017750
0.001351
0.023260
0.040228
0.008232
-0.013986
0.076969
-0.015326
0.010352
0.013497
0.014235
-0.018653
0.007935
0.035433
0.008548
-0.010467
0.018576
0.059397
-0.032010
0.002587
0.023637
-0.020403
0.016554
0.025340
-0.006794
-0.011182
-0.004247
-0.046696
0.020394
-0.008074
0.002198
-0.009645
0.003273
-0.023314
0.065685
0.025708
0.089274
-0.043350
-0.020023
0.027036
-0.002774
-0.059566
0.006498
-0.002155
0.008546
-0.033913
-0.009964
0.020022
-0.004451
0.027356
0.031077
0.000249
0.003530
0.014454
-0.012451
-0.015917
-0.046396
-0.015949
0.045087
-0.031684
0.038992
-0.007573
0.019973
0.048192
-0.000590
0.033052
0.019064
0.020056
0.045866
-0.014356
0.011039
0.041227
-0.036949
0.011999
-0.014953
0.038400
-0.018055
0.016549
0.005452
0.016501
0.009728
0.091374
0.000034
0.021161
-0.012686
0.051102
-0.047507
0.050631
0.054301
0.015181
0.022507
0.004694
-0.034867
-0.008976
0.048404
0.051459
0.009555
0.027670
0.034310
0.050296
0.033714
0.030073
0.008260
0.024237
0.019495
-0.026052
-0.011555
0.033284
0.042136
0.052610
-0.004953
-0.008899
0.010253
0.026880
0.005210
0.030214
0.062427
-0.007163
-0.020365
-0.012179
-0.006137
-0.016140
-0.053888
0.017106
-0.058298
-0.038506
-0.023784
-0.026760
0.038466
-0.039595
0.014408
0.037361
0.050238
0.003614
0.017697
0.056540
-0.001156
0.032916
0.000165
0.016067
0.029483
0.026240
-0.021094
-0.046563
-0.044030
0.018303
-0.034052
0.005278
-0.020729
0.003432
-0.021627
-0.004040
-0.034221
-0.004189
-0.050743
0.054674
-0.033534
0.015282
0.009335
-0.004776
0.014961
0.019954
0.052531
-0.031316
-0.036952
0.014038
0.006766
-0.021186
-0.044165
-0.036230
-0.106275
0.029779
-0.012726
-0.013793
0.027132
0.003584
-0.043369
0.015038
0.020472
0.029233
0.005327
0.019342
-0.002409
-0.026975
-0.005525
0.002284
0.022813
-0.022704
0.006262
0.029644
0.005976
-0.024786
-0.008378
0.019016
0.015196
-0.055120
-0.015379
0.060549
0.014437
-0.005507
-0.006886
-0.001792
0.022768
-0.009149
0.019516
0.057727
-0.077569
-0.028666
0.044197
-0.010197
0.034056
0.007146
-0.037730
0.010012
-0.045235
0.001958
-0.053602
-0.037806
-0.004223
0.002989
0.033627
-0.065024
-0.049091
-0.022193
-0.011216
0.003878
0.046016
0.023758
0.052100
-0.002801
0.010268
0.020712
0.031260
-0.057434
0.007874
-0.026754
0.017445
-0.001197
-0.042951
0.004805
-0.004500
0.024619
0.013566
-0.027308
-0.005261
0.014768
-0.021272
-0.023202
-0.024549
-0.012213
0.010287
0.011368
-0.026522
0.059765
0.020785
-0.036871
0.008533
-0.010105
0.030211
0.081361
0.034624
-0.053674
-0.017358
0.071993
0.034569
0.042056
0.008869
0.028647
0.031287
0.002012
-0.043846
-0.044823
0.002597
0.064582
0.044972
-0.028283
-0.046411
0.023945
-0.001331
-0.029421
0.000608
0.004118
-0.047248
-0.003227
0.005833
-0.022143
0.007082
0.003629
-0.029613
-0.005123
0.025535
0.086864
0.012936
-0.101420
-0.030249
-0.029838
0.059814
0.009630
0.021042
0.006981
0.015631
-0.024354
-0.033096
0.053325
0.001307
-0.038373
-0.002370
-0.015401
-0.020987
0.011518
0.041166
0.004627
0.006874
0.005710
0.063845
0.020837
-0.005530
0.000136
-0.048635
-0.031028
-0.022636
0.018621
0.015993
0.065710
0.024290
0.047242
-0.015092
0.090706
-0.057110
-0.026469
0.030484
0.013865
-0.092395
0.046788
0.004745
0.009437
0.068392
-0.009172
0.032785
0.016318
0.057440
-0.026282
0.009414
0.000684
0.029525
-0.031537
0.033821
0.008338
0.002979
0.022617
-0.031451
0.006273
-0.006215
-0.006897
-0.026453
0.062005
-0.052056
-0.018313
-0.011815
-0.002290
-0.024847
0.051988
-0.070978
0.033980
0.001431
0.008315
0.023720
-0.040545
-0.029771
0.053216
0.002705
0.015629
-0.041646
0.009993
0.040490
-0.019540
0.003469
0.004326
0.022304
0.000568
-0.035750
0.004178
-0.022960
-0.012281
-0.013406
-0.016501
-0.010288
0.005635
0.020483
0.002799
-0.001482
-0.022039
0.015166
-0.003989
-0.009566
0.021795
0.005796
0.011431
0.037446
-0.016160
0.016673
0.006051
-0.039274
-0.023548
-0.036806
0.000952
-0.051665
-0.016298
0.002477
0.003052
-0.041811
-0.030638
0.002064
0.013945
-0.012989
-0.001056
0.019674
-0.009833
0.031651
0.020002
-0.002905
0.028172
0.001505
0.044866
0.010947
0.027185
0.040237
-0.000231
0.000105
-0.024493
-0.024223
0.034677
0.014459
0.062273
0.033692
-0.008066
0.000777
-0.003470
0.058436
0.002932
0.023882
0.023675
-0.053898
0.011628
-0.003415
0.025097
-0.002721
-0.002406
-0.036368
0.002865
-0.059409
-0.033135
-0.029958
-0.012790
-0.006079
-0.004641
0.019811
-0.010457
-0.011941
-0.024798
0.065108
-0.020072
0.037418
0.037940
-0.009094
0.018431
-0.034038
0.037445
0.039996
-0.032499
0.020166
-0.029290
-0.027940
-0.065639
-0.036660
0.052480
0.030037
0.051407
0.023919
-0.021002
-0.023820
0.014739
0.062095
0.000249
-0.005179
-0.023593
-0.036749
-0.031722
-0.014333
0.060495
0.001233
-0.013760
0.014475
-0.012039
0.033490
-0.009914
-0.052350
-0.020636
-0.036268
-0.023428
0.016615
0.019212
0.018144
0.067913
0.046248
0.021874
0.014845
-0.011948
-0.001099
0.010680
0.019147
-0.040965
-0.014827
-0.044831
0.051363
-0.008230
-0.015986
0.026177
0.033102
0.018855
-0.061989
-0.060682
0.026998
-0.035814
0.065866
-0.012142
-0.003458
0.037827
-0.049010
0.015763
-0.008767
0.008316
0.044171
0.020673
0.041807
-0.009955
0.023043
-0.008700
0.010256
0.000016
0.022432
-0.007154
-0.008653
0.002996
-0.000034
-0.076538
0.025376
-0.026439
-0.031681
0.021280
-0.018850
0.009165
0.032329
0.007917
-0.020172
-0.012695
-0.001241
-0.052961
-0.023447
0.003540
0.015980
-0.039382
-0.013789
-0.006851
-0.049284
-0.004826
-0.015261
-0.007822
-0.009477
0.034616
-0.035236
-0.016218
-0.024936
0.053705
-0.057541
0.056006
-0.052659
-0.048407
0.021762
-0.052215
0.037524
-0.020802
0.040782
-0.060133
-0.021751
0.021452
0.001890
0.004424
0.020317
0.010378
-0.006623
-0.037428
-0.051196
-0.013988
0.037291
0.044882
0.025590
-0.027180
0.017064
-0.063463
0.004852
-0.056808
-0.000354
0.006972
-0.037510
0.033580
0.019809
-0.003767
0.043495
-0.005349
-0.006328
-0.043470
0.012608
-0.030202
-0.000254
0.067617
0.005727
0.034797
-0.002460
-0.010884
-0.006376
-0.023783
-0.019126
-0.002024
-0.045169
-0.051353
-0.005400
-0.050273
0.036964
0.042615
-0.032422
-0.008065
-0.014527
0.012176
-0.026533
-0.019845
0.014030
-0.007340
-0.047761
-0.005473
0.002750
-0.018851
-0.027856
-0.010471
-0.027552
-0.000455
-0.040513
0.001624
-0.011727
0.030645
-0.000289
-0.010893
-0.009620
0.034413
-0.001665
-0.003987
0.017592
-0.034781
0.059254
-0.024192
0.003809
0.018169
-0.018770
0.009016
-0.011549
0.018570
0.034545
-0.024684
0.008379
0.030594
0.025919
-0.046771
0.026974
-0.030751
-0.007273
0.013473
-0.029565
0.024778
-0.056207
0.064040
0.017882
0.081414
-0.021851
-0.032704
0.041852
-0.037084
0.011678
0.027862
0.014095
-0.018962
-0.059899
-0.007886
0.042281
-0.019025
0.043558
0.021299
0.012378
-0.064294
-0.002871
0.006293
-0.019061
-0.017330
0.014264
0.068551
0.040980
-0.037316
0.024090
-0.028597
0.046438
-0.089149
0.026408
-0.023640
-0.013765
-0.059974
-0.021542
0.002173
0.021708
0.000015
-0.043177
0.024489
-0.000439
0.000232
