0.530686
0.449024
0.393064
0.352176
0.320907
0.296162
0.276052
0.259356
0.245249
0.233155
0.222655
0.213442
0.205281
0.197994
0.191439
0.185504
0.180100
0.175153
0.170603
0.166400
0.162502
0.158874
0.155485
0.152311
0.149328
0.146519
0.143866
0.141355
0.138974
0.136710
0.134555
0.132499
0.130534
0.128654
0.126852
0.125123
0.123461
0.121863
0.120322
0.118837
0.117403
0.116017
0.114677
0.113379
0.112121
0.110901
0.109718
0.108568
0.107450
0.106363
0.105305
0.104275
0.103270
0.102291
0.101336
0.100404
0.099493
0.098604
0.097734
0.096884
0.096052
0.095238
0.094440
0.093659
0.092894
0.092144
0.091408
0.090687
0.089979
0.089284
0.088602
0.087932
0.087274
0.086627
0.085992
0.085367
0.084753
0.084148
0.083554
0.082969
0.082393
0.081826
0.081268
0.080719
0.080177
0.079644
0.079119
0.078601
0.078090
0.077587
0.077091
0.076602
0.076119
0.075643
0.075174
0.074710
0.074253
0.073802
0.073356
0.072916
0.072482
0.072053
0.071630
0.071211
0.070798
0.070390
0.069987
0.069588
0.069195
0.068805
0.068421
0.068041
0.067665
0.067293
0.066926
0.066562
0.066203
0.065848
0.065496
0.065148
0.064804
0.064464
0.064127
0.063794
0.063465
0.063139
0.062816
0.062496
0.062180
0.061867
0.061557
0.061250
0.060946
0.060645
0.060348
0.060053
0.059761
0.059471
0.059185
0.058901
0.058620
0.058342
0.058066
0.057793
0.057522
0.057254
0.056988
0.056725
0.056464
0.056206
0.055949
0.055695
0.055444
0.055194
0.054947
0.054702
0.054459
0.054218
0.053979
0.053743
0.053508
0.053275
0.053045
0.052816
0.052589
0.052364
0.052141
0.051920
0.051700
0.051483
0.051267
0.051053
0.050840
0.050630
0.050421
0.050214
0.050008
0.049804
0.049602
0.049401
0.049202
0.049004
0.048808
0.048614
0.048421
0.048229
0.048039
0.047850
0.047663
0.047477
0.047293
0.047110
0.046928
0.046748
0.046569
0.046391
0.046215
0.046040
0.045866
0.045694
0.045522
0.045352
0.045184
0.045016
0.044850
0.044684
0.044520
0.044358
0.044196
0.044035
0.043876
0.043718
0.043561
0.043404
0.043249
0.043096
0.042943
0.042791
0.042640
0.042490
0.042341
0.042194
0.042047
0.041901
0.041756
0.041613
0.041470
0.041328
0.041187
0.041047
0.040908
0.040769
0.040632
0.040496
0.040360
0.040225
0.040092
0.039959
0.039827
0.039695
0.039565
0.039435
0.039307
0.039179
0.039051
0.038925
0.038800
0.038675
0.038551
0.038428
0.038305
0.038183
0.038063
0.037942
0.037823
0.037704
0.037586
0.037469
0.037352
0.037236
0.037121
0.037007
0.036893
0.036780
0.036667
0.036555
0.036444
0.036334
0.036224
0.036115
0.036006
0.035898
0.035791
0.035684
0.035578
0.035473
0.035368
0.035264
0.035160
0.035057
0.034954
0.034853
0.034751
0.034651
0.034550
0.034451
0.034352
0.034253
0.034155
0.034058
0.033961
0.033865
0.033769
0.033674
0.033579
0.033485
0.033391
0.033298
0.033205
0.033113
0.033021
0.032930
0.032839
0.032749
0.032659
0.032570
0.032481
0.032393
0.032305
0.032218
0.032131
0.032044
0.031958
0.031873
0.031788
0.031703
0.031619
0.031535
0.031452
0.031369
0.031286
0.031204
0.031123
0.031041
0.030960
0.030880
0.030800
0.030720
0.030641
0.030562
0.030484
0.030406
0.030328
0.030251
0.030174
0.030098
0.030022
0.029946
0.029871
0.029796
0.029721
0.029647
0.029573
0.029499
0.029426
0.029353
0.029281
0.029209
0.029137
0.029066
0.028995
0.028924
0.028853
0.028783
0.028714
0.028644
0.028575
0.028507
0.028438
0.028370
0.028302
0.028235
0.028168
0.028101
0.028034
0.027968
0.027902
0.027837
0.027771
0.027706
0.027642
0.027577
0.027513
0.027449
0.027386
0.027323
0.027260
0.027197
0.027135
0.027072
0.027011
0.026949
0.026888
0.026827
0.026766
0.026706
0.026645
0.026585
0.026526
0.026466
0.026407
0.026348
0.026290
0.026231
0.026173
0.026116
0.026058
0.026001
0.025943
0.025887
0.025830
0.025774
0.025717
0.025662
0.025606
0.025551
0.025495
0.025440
0.025386
0.025331
0.025277
0.025223
0.025169
0.025116
0.025062
0.025009
0.024956
0.024904
0.024851
0.024799
0.024747
0.024695
0.024644
0.024592
0.024541
0.024490
0.024439
0.024389
0.024338
0.024288
0.024238
0.024189
0.024139
0.024090
0.024041
0.023992
0.023943
0.023894
0.023846
0.023798
0.023750
0.023702
0.023655
0.023607
0.023560
0.023513
0.023466
0.023419
0.023373
0.023327
0.023281
0.023235
0.023189
0.023143
0.023098
0.023053
0.023008
0.022963
0.022918
0.022874
0.022829
0.022785
0.022741
0.022697
0.022654
0.022610
0.022567
0.022524
0.022480
0.022438
0.022395
0.022352
0.022310
0.022268
0.022226
0.022184
0.022142
0.022100
0.022059
0.022018
0.021977
0.021936
0.021895
0.021854
0.021814
0.021773
0.021733
0.021693
0.021653
0.021613
0.021574
0.021534
0.021495
0.021455
0.021416
0.021377
0.021339
0.021300
0.021261
0.021223
0.021185
0.021147
0.021109
0.021071
0.021033
0.020996
0.020958
0.020921
0.020884
0.020847
0.020810
0.020773
0.020736
0.020700
0.020663
0.020627
0.020591
0.020555
0.020519
0.020483
0.020448
0.020412
0.020377
0.020341
0.020306
0.020271
0.020236
0.020201
0.020167
0.020132
0.020098
0.020063
0.020029
0.019995
0.019961
0.019927
0.019893
0.019860
0.019826
0.019793
0.019760
0.019726
0.019693
0.019660
0.019627
0.019595
0.019562
0.019529
0.019497
0.019465
0.019432
0.019400
0.019368
0.019336
0.019305
0.019273
0.019241
0.019210
0.019178
0.019147
0.019116
0.019085
0.019054
0.019023
0.018992
0.018961
0.018931
0.018900
0.018870
0.018840
0.018810
0.018779
0.018749
0.018719
0.018690
0.018660
0.018630
0.018601
0.018571
0.018542
0.018513
0.018484
0.018454
0.018425
0.018397
0.018368
0.018339
0.018310
0.018282
0.018253
0.018225
0.018197
0.018169
0.018140
0.018112
0.018084
0.018057
0.018029
0.018001
0.017974
0.017946
0.017919
0.017891
0.017864
0.017837
0.017810
0.017783
0.017756
0.017729
0.017702
0.017676
0.017649
0.017622
0.017596
0.017570
0.017543
0.017517
0.017491
0.017465
0.017439
0.017413
0.017387
0.017361
0.017336
0.017310
0.017285
0.017259
0.017234
0.017208
0.017183
0.017158
0.017133
0.017108
0.017083
0.017058
0.017033
0.017009
0.016984
0.016959
0.016935
0.016910
0.016886
0.016862
0.016838
0.016813
0.016789
0.016765
0.016741
0.016717
0.016694
0.016670
0.016646
0.016623
0.016599
0.016575
0.016552
0.016529
0.016505
0.016482
0.016459
0.016436
0.016413
0.016390
0.016367
0.016344
0.016321
0.016299
0.016276
0.016253
0.016231
0.016208
0.016186
0.016164
0.016141
0.016119
0.016097
0.016075
0.016053
0.016031
0.016009
0.015987
0.015965
0.015944
0.015922
0.015900
0.015879
0.015857
0.015836
0.015815
0.015793
0.015772
0.015751
0.015730
0.015708
0.015687
0.015666
0.015645
0.015625
0.015604
0.015583
0.015562
0.015542
0.015521
0.015500
0.015480
0.015460
0.015439
0.015419
0.015399
0.015378
0.015358
0.015338
0.015318
0.015298
0.015278
0.015258
0.015238
0.015218
0.015199
0.015179
0.015159
0.015140
0.015120
0.015101
0.015081
0.015062
0.015042
0.015023
0.015004
0.014985
0.014965
0.014946
0.014927
0.014908
0.014889
0.014870
0.014851
0.014833
0.014814
0.014795
0.014776
0.014758
0.014739
0.014721
0.014702
0.014684
0.014665
0.014647
0.014629
0.014610
0.014592
0.014574
0.014556
0.014538
0.014520
0.014502
0.014484
0.014466
0.014448
0.014430
0.014412
0.014395
0.014377
0.014359
0.014342
0.014324
0.014307
0.014289
0.014272
0.014254
0.014237
0.014220
0.014202
0.014185
0.014168
0.014151
0.014134
0.014117
0.014100
0.014083
0.014066
0.014049
0.014032
0.014015
0.013999
0.013982
0.013965
0.013948
0.013932
0.013915
0.013899
0.013882
0.013866
0.013849
0.013833
0.013817
0.013800
0.013784
0.013768
0.013752
0.013736
0.013719
0.013703
0.013687
0.013671
0.013655
0.013639
0.013624
0.013608
0.013592
0.013576
0.013560
0.013545
0.013529
0.013513
0.013498
0.013482
0.013467
0.013451
0.013436
0.013420
0.013405
0.013390
0.013374
0.013359
0.013344
0.013329
0.013313
0.013298
0.013283
0.013268
0.013253
0.013238
0.013223
0.013208
0.013193
0.013178
0.013164
0.013149
0.013134
0.013119
0.013104
0.013090
0.013075
0.013061
0.013046
0.013031
0.013017
0.013002
0.012988
0.012974
0.012959
0.012945
0.012931
0.012916
0.012902
0.012888
0.012874
0.012859
0.012845
0.012831
0.012817
0.012803
0.012789
0.012775
0.012761
0.012747
0.012733
0.012720
0.012706
0.012692
0.012678
0.012664
0.012651
0.012637
0.012623
0.012610
0.012596
0.012583
0.012569
0.012556
0.012542
0.012529
0.012515
0.012502
0.012489
0.012475
0.012462
0.012449
0.012435
0.012422
0.012409
0.012396
0.012383
0.012370
0.012357
0.012344
0.012331
0.012318
0.012305
0.012292
0.012279
0.012266
0.012253
0.012240
0.012227
0.012215
0.012202
0.012189
0.012176
0.012164
0.012151
0.012138
0.012126
0.012113
0.012101
0.012088
0.012076
0.012063
0.012051
0.012038
0.012026
0.012014
0.012001
0.011989
0.011977
0.011964
0.011952
0.011940
0.011928
0.011916
0.011904
0.011891
0.011879
0.011867
0.011855
0.011843
0.011831
0.011819
0.011807
0.011795
0.011784
0.011772
0.011760
0.011748
0.011736
0.011724
0.011713
0.011701
0.011689
0.011678
0.011666
0.011654
0.011643
0.011631
0.011619
0.011608
0.011596
0.011585
0.011573
0.011562
0.011551
0.011539
0.011528
0.011516
0.011505
0.011494
0.011482
0.011471
0.011460
0.011449
0.011438
0.011426
0.011415
0.011404
0.011393
0.011382
0.011371
0.011360
0.011349
0.011338
0.011327
0.011316
0.011305
0.011294
0.011283
0.011272
0.011261
0.011250
0.011239
0.011229
0.011218
0.011207
0.011196
0.011186
0.011186
0.011186
0.011186
0.011186
0.011186
