0.021956
0.021172
0.020822
0.020142
0.020403
0.021030
0.021891
0.022430
0.023672
0.024865
0.026124
0.027437
0.028605
0.029072
0.029769
0.030842
0.031262
0.031626
0.031764
0.031519
0.031055
0.030719
0.030519
0.030324
0.030281
0.030482
0.030698
0.030794
0.031317
0.031695
0.032085
0.032502
0.032947
0.033248
0.033551
0.033991
0.034425
0.034766
0.035154
0.035766
0.036184
0.036573
0.037021
0.037344
0.037698
0.038117
0.038471
0.038748
0.038979
0.039014
0.039105
0.039149
0.039186
0.039174
0.039160
0.039058
0.039161
0.039328
0.039752
0.040010
0.040183
0.040415
0.040616
0.040623
0.040637
0.040632
0.040640
0.040544
0.040414
0.040333
0.040233
0.040199
0.040235
0.040260
0.040283
0.040330
0.040336
0.040292
0.040131
0.039930
0.039833
0.039658
0.039570
0.039460
0.039390
0.039420
0.039439
0.039520
0.039630
0.039769
0.039990
0.040164
0.040345
0.040595
0.040752
0.040919
0.041042
0.041227
0.041362
0.041516
0.041666
0.041833
0.042004
0.042329
0.042633
0.042957
0.043238
0.043592
0.043841
0.044162
0.044557
0.044955
0.045370
0.045769
0.046089
0.046374
0.046721
0.047132
0.047535
0.047961
0.048419
0.048932
0.049471
0.050031
0.050576
0.051132
0.051690
0.052181
0.052630
0.053106
0.053619
0.054184
0.054714
0.055206
0.055687
0.056183
0.056661
0.057157
0.057715
0.058237
0.058706
0.059134
0.059532
0.059887
0.060151
0.060420
0.060596
0.060708
0.060777
0.060802
0.060868
0.060873
0.060888
0.060943
0.061051
0.061152
0.061264
0.061435
0.061591
0.061775
0.061945
0.062122
0.062321
0.062538
0.062715
0.062826
0.062874
0.062934
0.062947
0.062957
0.062937
0.062914
0.062860
0.062797
0.062690
0.062576
0.062402
0.062286
0.062131
0.061990
0.061857
0.061716
0.061589
0.061481
0.061424
0.061330
0.061194
0.061070
0.060951
0.060807
0.060616
0.060388
0.060054
0.059753
0.059443
0.059122
0.058832
0.058548
0.058224
0.057919
0.057637
0.057386
0.057142
0.056918
0.056693
0.056444
0.056191
0.055943
0.055718
0.055473
0.055236
0.055028
0.054827
0.054604
0.054374
0.054164
0.053969
0.053724
0.053469
0.053269
0.053084
0.052894
0.052699
0.052504
0.052329
0.052147
0.051982
0.051867
0.051685
0.051478
0.051311
0.051136
0.050990
0.050850
0.050678
0.050515
0.050315
0.050118
0.049878
0.049611
0.049343
0.049081
0.048850
0.048569
0.048253
0.047924
0.047591
0.047267
0.046984
0.046725
0.046509
0.046294
0.046088
0.045901
0.045740
0.045536
0.045339
0.045125
0.044926
0.044728
0.044500
0.044278
0.044056
0.043855
0.043666
0.043459
0.043250
0.043055
0.042847
0.042624
0.042386
0.042143
0.041911
0.041690
0.041453
0.041263
0.041089
0.040891
0.040701
0.040507
0.040336
0.040223
0.040135
0.040009
0.039872
0.039785
0.039722
0.039686
0.039654
0.039640
0.039645
0.039649
0.039620
0.039559
0.039500
0.039482
0.039491
0.039479
0.039435
0.039404
0.039371
0.039317
0.039263
0.039209
0.039125
0.039038
0.038954
0.038856
0.038763
0.038672
0.038562
0.038449
0.038353
0.038311
0.038277
0.038177
0.038059
0.037924
0.037826
0.037734
0.037656
0.037581
0.037516
0.037435
0.037334
0.037266
0.037198
0.037106
0.037014
0.036912
0.036798
0.036692
0.036610
0.036531
0.036457
0.036385
0.036350
0.036327
0.036298
0.036269
0.036209
0.036132
0.036041
0.035961
0.035891
0.035857
0.035836
0.035841
0.035835
0.035878
0.035886
0.035876
0.035882
0.035894
0.035852
0.035835
0.035819
0.035807
0.035830
0.035846
0.035878
0.035916
0.035982
0.036030
0.036080
0.036127
0.036187
0.036227
0.036282
0.036338
0.036392
0.036455
0.036497
0.036540
0.036577
0.036607
0.036621
0.036665
0.036679
0.036681
0.036674
0.036665
0.036642
0.036644
0.036608
0.036588
0.036567
0.036549
0.036542
0.036513
0.036467
0.036448
0.036429
0.036416
0.036381
0.036350
0.036338
0.036314
0.036292
0.036270
0.036258
0.036245
0.036212
0.036181
0.036138
0.036088
0.036031
0.035965
0.035895
0.035827
0.035769
0.035712
0.035654
0.035586
0.035524
0.035461
0.035393
0.035335
0.035279
0.035229
0.035196
0.035154
0.035120
0.035088
0.035036
0.034974
0.034894
0.034815
0.034712
0.034603
0.034496
0.034392
0.034269
0.034134
0.034002
0.033877
0.033748
0.033621
0.033504
0.033384
0.033279
0.033184
0.033089
0.033008
0.032927
0.032867
0.032812
0.032769
0.032743
0.032716
0.032688
0.032649
0.032599
0.032564
0.032534
0.032531
0.032541
0.032546
0.032550
0.032550
0.032575
0.032598
0.032630
0.032670
0.032685
0.032703
0.032717
0.032740
0.032761
0.032778
0.032778
0.032779
0.032753
0.032712
0.032658
0.032599
0.032538
0.032475
0.032420
0.032361
0.032297
0.032223
0.032176
0.032121
0.032081
0.032056
0.032027
0.032005
0.031968
0.031946
0.031939
0.031918
0.031904
0.031878
0.031840
0.031775
0.031696
0.031639
0.031593
0.031568
0.031551
0.031526
0.031490
0.031460
0.031453
0.031446
0.031435
0.031415
0.031379
0.031331
0.031277
0.031246
0.031216
0.031179
0.031148
0.031112
0.031088
0.031060
0.031012
0.030955
0.030885
0.030807
0.030735
0.030672
0.030615
0.030584
0.030571
0.030564
0.030562
0.030555
0.030546
0.030541
0.030541
0.030525
0.030503
0.030464
0.030443
0.030419
0.030388
0.030367
0.030357
0.030353
0.030325
0.030275
0.030235
0.030181
0.030152
0.030118
0.030082
0.030060
0.030019
0.029984
0.029946
0.029911
0.029891
0.029877
0.029878
0.029874
0.029878
0.029877
0.029879
0.029880
0.029887
0.029891
0.029891
0.029891
0.029889
0.029860
0.029840
0.029809
0.029768
0.029733
0.029692
0.029654
0.029627
0.029602
0.029570
0.029534
0.029496
0.029441
0.029378
0.029316
0.029261
0.029192
0.029119
0.029045
0.028954
0.028864
0.028769
0.028673
0.028575
0.028490
0.028394
0.028294
0.028187
0.028099
0.027994
0.027908
0.027806
0.027690
0.027583
0.027460
0.027351
0.027237
0.027138
0.027021
0.026899
0.026785
0.026674
0.026566
0.026467
0.026372
0.026276
0.026170
0.026049
0.025925
0.025815
0.025721
0.025637
0.025546
0.025461
0.025357
0.025256
0.025138
0.025023
0.024911
0.024790
0.024681
0.024580
0.024479
0.024394
0.024308
0.024221
0.024122
0.024029
0.023927
0.023827
0.023750
0.023675
0.023612
0.023550
0.023484
0.023417
0.023344
0.023266
0.023188
0.023098
0.022993
0.022888
0.022770
0.022665
0.022575
0.022476
0.022376
0.022274
0.022176
0.022073
0.021965
0.021863
0.021761
0.021646
0.021531
0.021419
0.021304
0.021182
0.021059
0.020930
0.020804
0.020667
0.020534
0.020399
0.020276
0.020156
0.020034
0.019912
0.019801
0.019693
0.019585
0.019484
0.019375
0.019285
0.019189
0.019096
0.019010
0.018920
0.018834
0.018746
0.018665
0.018595
0.018520
0.018447
0.018385
0.018331
0.018264
0.018206
0.018140
0.018073
0.018011
0.017941
0.017880
0.017803
0.017746
0.017695
0.017667
0.017633
0.017590
0.017560
0.017519
0.017482
0.017454
0.017429
0.017399
0.017352
0.017304
0.017269
0.017228
0.017200
0.017178
0.017159
0.017123
0.017086
0.017051
0.017012
0.016968
0.016928
0.016908
0.016899
0.016879
0.016866
0.016845
0.016837
0.016804
0.016779
0.016747
0.016712
0.016661
0.016605
0.016550
0.016502
0.016455
0.016396
0.016346
0.016295
0.016246
0.016192
0.016134
0.016077
0.016009
0.015945
0.015889
0.015847
0.015816
0.015769
0.015725
0.015687
0.015642
0.015600
0.015568
0.015542
0.015518
0.015496
0.015480
0.015456
0.015432
0.015415
0.015417
0.015412
0.015417
0.015438
0.015446
0.015452
0.015470
0.015479
0.015485
0.015490
0.015487
0.015479
0.015461
0.015447
0.015435
0.015433
0.015429
0.015423
0.015408
0.015382
0.015351
0.015322
0.015306
0.015288
0.015271
0.015260
0.015234
0.015206
0.015172
0.015133
0.015083
0.015045
0.015012
0.014968
0.014925
0.014883
0.014836
0.014795
0.014766
0.014741
0.014718
0.014709
0.014699
0.014678
0.014642
0.014605
0.014565
0.014526
0.014468
0.014397
0.014321
0.014250
0.014169
0.014083
0.014000
0.013913
0.013825
0.013722
0.013628
0.013531
0.013433
0.013339
0.013254
0.013173
0.013089
0.013020
0.012957
0.012892
0.012835
0.012773
0.012719
0.012680
0.012642
0.012599
0.012553
0.012508
0.012469
0.012415
0.012356
0.012288
0.012202
0.012119
0.012030
0.011937
0.011835
0.011732
0.011615
0.011507
0.011394
0.011278
0.011171
0.011066
0.010969
0.010866
0.010754
0.010649
0.010543
0.010441
0.010336
0.010232
0.010136
0.010038
0.009937
0.009843
0.009754
0.009659
0.009563
0.009479
0.009391
0.009304
0.009211
0.009123
0.009039
0.008954
0.008873
0.008799
0.008724
0.008652
0.008585
0.008524
0.008474
0.008431
0.008402
0.008382
0.008356
0.008330
0.008308
0.008291
0.008282
0.008269
0.008260
0.008249
0.008251
0.008246
0.008238
0.008234
0.008235
0.008233
0.008238
0.008242
0.008258
0.008281
0.008309
0.008340
0.008375
0.008413
0.008431
0.008453
0.008481
0.008503
0.008514
0.008535
0.008563
0.008587
0.008615
0.008640
0.008662
0.008676
0.008683
0.008678
0.008673
0.008671
0.008661
0.008657
0.008653
0.008651
0.008651
0.008644
0.008634
0.008616
0.008598
0.008578
0.008553
0.008527
0.008511
0.008502
0.008489
0.008470
0.008456
0.008440
0.008423
0.008404
0.008378
0.008352
0.008326
0.008288
0.008257
0.008234
0.008214
0.008195
0.008181
0.008166
0.008161
0.008148
0.008136
0.008128
0.008116
0.008106
0.008093
0.008068
0.008043
0.008025
0.007999
0.007966
0.007945
0.007920
0.007909
0.007900
0.007891
0.007880
0.007873
0.007866
0.007864
0.007856
0.007843
0.007839
0.007834
0.007832
0.007842
0.007863
0.007894
0.007924
0.007964
0.007979
0.007995
0.008004
0.008011
0.008016
0.008021
0.008013
0.008013
0.008013
0.008013
0.008013
0.008013
