0.015709
0.014252
0.024650
0.024237
0.025165
0.027720
0.016468
0.018375
0.014700
0.022754
0.027301
0.031358
0.028893
0.039823
0.041572
0.045000
0.048452
0.048451
0.037495
0.043012
0.052299
0.040078
0.039627
0.034947
0.025630
0.019453
0.021998
0.025108
0.024876
0.029030
0.036495
0.037412
0.033866
0.048583
0.044546
0.045726
0.047510
0.049407
0.044689
0.045382
0.051561
0.052239
0.049101
0.051834
0.062677
0.055021
0.054438
0.058077
0.052835
0.055089
0.059055
0.056515
0.053148
0.051236
0.040872
0.044133
0.041636
0.041243
0.038489
0.038374
0.032943
0.045421
0.049654
0.066516
0.056516
0.051381
0.055761
0.054091
0.041096
0.041573
0.040311
0.041214
0.033607
0.030942
0.034327
0.032751
0.037567
0.043031
0.042220
0.042082
0.044131
0.040758
0.036760
0.026745
0.023021
0.031578
0.024610
0.031916
0.029763
0.033162
0.042138
0.041177
0.046964
0.049837
0.052852
0.060968
0.056877
0.057948
0.065034
0.056344
0.057616
0.053474
0.060084
0.055271
0.057476
0.057417
0.059569
0.060323
0.077391
0.075850
0.078565
0.074457
0.083188
0.072023
0.080709
0.089955
0.091192
0.093870
0.092931
0.084099
0.080622
0.088690
0.097208
0.097175
0.100766
0.105612
0.113559
0.118031
0.121685
0.120903
0.123333
0.124765
0.117059
0.112407
0.116816
0.122907
0.130971
0.127361
0.123033
0.122623
0.125547
0.124078
0.127639
0.137572
0.133388
0.126647
0.121678
0.118018
0.112429
0.099403
0.100836
0.087160
0.077716
0.071405
0.064624
0.071025
0.061686
0.063334
0.069539
0.078196
0.077355
0.079347
0.089069
0.087056
0.091898
0.090093
0.091505
0.095571
0.098908
0.092711
0.081544
0.071107
0.073345
0.065068
0.064822
0.059380
0.058879
0.053376
0.051501
0.043626
0.041916
0.030929
0.041245
0.033714
0.036096
0.037241
0.035541
0.037822
0.041057
0.050742
0.043464
0.035204
0.037307
0.037914
0.032919
0.023428
0.015713
-0.005856
0.000217
-0.002333
-0.005045
0.000483
0.001190
-0.007508
-0.004350
-0.000169
0.005681
0.006633
0.010369
0.009680
0.004091
0.002904
0.003303
0.007799
0.003102
0.004293
0.010136
0.011128
0.005949
0.004154
0.007874
0.010756
-0.000483
-0.003549
0.008631
0.011346
0.010018
0.008440
0.007913
0.012308
0.010232
0.013931
0.025198
0.009180
0.003263
0.012037
0.009757
0.016373
0.017475
0.009579
0.011390
0.002115
0.002464
-0.008305
-0.015700
-0.016231
-0.015308
-0.008277
-0.021116
-0.030512
-0.034340
-0.035897
-0.034403
-0.024512
-0.019270
-0.008465
-0.008856
-0.006625
-0.002350
0.003949
-0.007617
-0.005890
-0.011123
-0.007411
-0.007502
-0.015943
-0.014663
-0.015269
-0.010040
-0.007126
-0.012445
-0.013249
-0.010030
-0.014084
-0.018442
-0.022984
-0.024967
-0.022410
-0.019688
-0.024599
-0.012154
-0.007754
-0.014973
-0.012967
-0.014728
-0.008391
0.008049
0.014813
0.003781
0.000234
0.014628
0.021249
0.029235
0.030425
0.035545
0.041092
0.040672
0.031090
0.021503
0.021593
0.034077
0.042390
0.035886
0.025886
0.030157
0.029288
0.022818
0.022483
0.022857
0.012950
0.012046
0.012971
0.008283
0.009534
0.010069
0.003945
0.002842
0.007892
0.025107
0.027192
0.006364
0.000187
-0.005785
0.006294
0.008094
0.012140
0.013294
0.016154
0.010960
0.004122
0.014705
0.014672
0.006704
0.006096
0.002894
-0.001362
0.000969
0.009183
0.009925
0.011101
0.012021
0.024550
0.028226
0.026555
0.026051
0.015803
0.009282
0.004569
0.008202
0.011237
0.024154
0.028529
0.037406
0.033640
0.051108
0.038664
0.032597
0.038042
0.040054
0.020774
0.029716
0.030071
0.031357
0.044408
0.041685
0.047409
0.049724
0.060218
0.053757
0.054565
0.053610
0.058443
0.050967
0.056712
0.057245
0.056696
0.060085
0.052593
0.052796
0.050497
0.048108
0.041855
0.053419
0.041939
0.037438
0.034326
0.033182
0.027549
0.037395
0.022452
0.028799
0.028509
0.029602
0.033754
0.024970
0.018516
0.028789
0.028754
0.031305
0.022350
0.023901
0.031521
0.026983
0.027137
0.027460
0.031371
0.030857
0.023090
0.023464
0.018403
0.015578
0.012586
0.009034
0.006795
0.007786
0.011727
0.012052
0.011515
0.006877
0.009773
0.008779
0.006691
0.010916
0.011857
0.013906
0.021117
0.017463
0.020448
0.021249
0.012969
0.008000
0.000479
0.000660
-0.009686
-0.012752
-0.012002
-0.011151
-0.019290
-0.025032
-0.024119
-0.020848
-0.023028
-0.022779
-0.018389
-0.019987
-0.013257
-0.008992
-0.009393
-0.003571
-0.003198
0.005839
0.007912
0.013190
0.020974
0.020508
0.020119
0.014818
0.009677
0.016419
0.018983
0.031058
0.037175
0.034818
0.034277
0.032898
0.043927
0.043635
0.047539
0.051323
0.039517
0.041052
0.039548
0.043777
0.042357
0.041028
0.032934
0.032849
0.020310
0.013277
0.007020
0.004321
0.003019
0.002030
0.005952
0.003741
0.001278
-0.003707
0.009389
0.005187
0.012567
0.019903
0.017686
0.021019
0.013791
0.021004
0.028583
0.021512
0.025115
0.018754
0.012791
-0.000592
-0.007913
0.002742
0.008694
0.018802
0.023210
0.018545
0.013410
0.016090
0.028187
0.027673
0.026084
0.020843
0.013077
0.006471
0.003475
0.015504
0.015441
0.012380
0.015027
0.012319
0.018771
0.016412
0.005614
0.001375
-0.005906
-0.010474
-0.006941
-0.002960
0.000728
0.014296
0.023260
0.027169
0.029595
0.026613
0.025861
0.027480
0.030760
0.021952
0.018547
0.009210
0.019299
0.017267
0.013724
0.018685
0.024932
0.028204
0.015242
0.002801
0.008145
0.000819
0.013976
0.011268
0.010351
0.017709
0.007553
0.010555
0.008590
0.010082
0.018714
0.022475
0.030386
0.027788
0.031841
0.029464
0.030926
0.030310
0.034190
0.032076
0.029704
0.029709
0.029108
0.013218
0.018029
0.012380
0.005797
0.009937
0.005968
0.007682
0.013994
0.015297
0.010957
0.008199
0.007787
-0.002961
-0.007591
-0.006732
-0.003401
-0.011209
-0.013743
-0.014838
-0.024398
-0.024876
-0.027430
-0.028446
-0.029773
-0.022254
-0.028856
-0.031523
-0.035879
-0.024421
-0.035440
-0.023530
-0.033592
-0.042601
-0.037397
-0.047092
-0.038645
-0.042033
-0.033036
-0.044402
-0.047864
-0.042616
-0.041386
-0.039673
-0.034816
-0.032044
-0.032728
-0.039559
-0.049007
-0.050825
-0.042350
-0.032527
-0.026758
-0.031659
-0.027613
-0.039753
-0.037988
-0.048590
-0.047689
-0.045340
-0.051936
-0.044181
-0.039335
-0.039302
-0.029817
-0.030291
-0.030950
-0.039025
-0.035723
-0.041049
-0.040279
-0.025950
-0.024286
-0.016841
-0.016996
-0.018833
-0.019731
-0.024093
-0.027436
-0.027292
-0.035780
-0.045335
-0.045509
-0.054653
-0.046167
-0.036721
-0.042471
-0.043234
-0.045275
-0.041934
-0.046402
-0.049443
-0.045648
-0.046204
-0.054832
-0.054830
-0.053183
-0.055890
-0.060343
-0.061230
-0.065516
-0.064297
-0.071114
-0.069367
-0.070325
-0.062789
-0.061591
-0.062538
-0.063211
-0.055064
-0.054296
-0.054008
-0.049409
-0.055377
-0.042419
-0.046409
-0.044719
-0.040190
-0.043141
-0.040475
-0.041975
-0.037422
-0.029764
-0.034106
-0.031748
-0.024994
-0.019310
-0.028278
-0.022318
-0.028022
-0.028916
-0.025643
-0.031043
-0.025467
-0.036199
-0.022667
-0.018637
-0.001982
-0.006312
-0.012727
-0.004102
-0.011437
-0.008872
-0.003122
-0.000241
-0.004029
-0.015928
-0.017187
-0.008387
-0.012024
-0.003072
0.001249
0.003700
-0.009233
-0.009622
-0.008171
-0.011820
-0.015050
-0.011896
0.002052
0.010207
0.002540
0.007307
0.001442
0.010700
-0.007343
-0.001915
-0.006604
-0.009225
-0.021036
-0.024923
-0.023990
-0.019169
-0.018783
-0.027042
-0.021604
-0.021259
-0.020788
-0.024191
-0.027168
-0.026651
-0.035310
-0.032027
-0.026821
-0.015718
-0.007644
-0.019943
-0.017356
-0.013440
-0.018564
-0.016451
-0.008177
-0.004902
-0.002619
-0.001436
0.003643
-0.003096
-0.002689
0.001710
0.017233
0.011504
0.019034
0.031622
0.021818
0.020208
0.029183
0.022598
0.020645
0.019426
0.013065
0.008818
0.001791
0.004091
0.006119
0.014016
0.011811
0.010908
0.003527
-0.005214
-0.009227
-0.006878
0.002009
0.001383
0.002013
0.006082
-0.005399
-0.006819
-0.012187
-0.016277
-0.024349
-0.015864
-0.011253
-0.020593
-0.019364
-0.019275
-0.023161
-0.017745
-0.008829
-0.005255
-0.004114
0.007073
0.006488
-0.001662
-0.015458
-0.014900
-0.018541
-0.017420
-0.032477
-0.044150
-0.047938
-0.043787
-0.052726
-0.056403
-0.054356
-0.057832
-0.059031
-0.071216
-0.064560
-0.066869
-0.067783
-0.064469
-0.057814
-0.054675
-0.056260
-0.044872
-0.039666
-0.041392
-0.035070
-0.038981
-0.032959
-0.020277
-0.018810
-0.023657
-0.026259
-0.025594
-0.020621
-0.033931
-0.036903
-0.045679
-0.060873
-0.058440
-0.064237
-0.067586
-0.074905
-0.076280
-0.088149
-0.081381
-0.086071
-0.087575
-0.081130
-0.079636
-0.072190
-0.077969
-0.086231
-0.080365
-0.081447
-0.078030
-0.080724
-0.079637
-0.074073
-0.075145
-0.077939
-0.072132
-0.068040
-0.073633
-0.074037
-0.064146
-0.068219
-0.067460
-0.072558
-0.068498
-0.064907
-0.065642
-0.063423
-0.056379
-0.057423
-0.055375
-0.051066
-0.045319
-0.035910
-0.030376
-0.017015
-0.010274
-0.014428
-0.015272
-0.011393
-0.006878
0.000581
-0.003504
-0.000001
-0.001936
0.010508
0.003679
0.001148
0.004615
0.008930
0.006421
0.012607
0.012072
0.023156
0.028460
0.034241
0.037071
0.039815
0.043282
0.025068
0.028298
0.034496
0.028235
0.019396
0.027789
0.034304
0.030820
0.034065
0.031682
0.029689
0.021365
0.014902
0.003985
0.004332
0.006684
-0.000669
0.005248
0.004884
0.006806
0.008269
0.002547
-0.000934
-0.008312
-0.008709
-0.010168
-0.014559
-0.016234
-0.006583
0.000020
-0.004125
-0.009239
-0.004704
-0.006505
-0.007883
-0.009487
-0.016391
-0.016962
-0.016445
-0.027485
-0.021937
-0.014086
-0.010582
-0.009496
-0.005815
-0.005722
0.002859
-0.004203
-0.003144
0.000140
-0.003589
-0.001899
-0.004582
-0.015678
-0.016768
-0.009092
-0.016797
-0.024429
-0.012635
-0.016512
-0.003134
-0.000292
-0.001534
-0.002031
0.001056
0.000702
0.005309
0.000328
-0.005203
0.003808
0.003014
0.006465
0.017021
0.028962
0.038491
0.037860
0.047567
0.022686
0.023888
0.016784
0.014923
0.013551
0.012620
0.000000
